OS: Windows-10-10.0.22000-SP0 10.0.22000
Python: 3.8.0
Stable-Baselines3: 1.4.0
PyTorch: 1.10.0+cpu
GPU Enabled: False
Numpy: 1.21.2
Gym: 0.19.0
